5040:
2586923
1661882
1636953
368753
1554112
2631668
377731
568584
1250949
1186326
185454
615988
2408031
996211
22953
2557157
2052656
764742
585864
255890
867869
2337114
343360
2328247
1566284
1051843
2461847
39725
1576594
659349
1693475
129097
464867
2326214
398490
925743
150755
1533721
1450613
5041:
509819
2410158
1707088
1892783
995156
2366006
527777
1744808
2456188
1931302
1652711
1355644
2289197
2392536
1186638
2254073
802375
1306112
793467
2096781
587349
2600280
1224959
2431845
125765
1166965
2615249
1710237
482067
1117578
1041529
829041
200895
1684738
2150937
1704646
1535758
883536
2417311
2466660
2289987
220675
475289
2264388
993696
657780
818824
2463081
1712519
658663
247305
1513327
118445
72469
2503188
1424133
890434
127310
659164
2534752
974525
1070197
973732
2230286
2266706
1385823
1619737
1921001
298957
397497
2181764
1437343
1522205
424126
452738
1014069
1323763
982210
576990
1723468
1972884
1420108
2086045
1325395
1071615
2038372
1505549
966356
2377905
867239
2450047
2436829
627784
762572
672097
2520548
1641163
862891
484438
1116817
600303
2054334
1093978
1336784
56332
2103084
1711044
54870
1546539
474450
960660
31318
1367596
2312644
2592063
1306142
1332990
2490110
135545
1249545
2032437
2270508
2550431
358553
2255945
755712
108317
1290298
1437981
2615317
1150258
1179235
1063089
1341411
2555300
2179375
1196499
1688394
1325631
2578240
2234294
2473560
1966726
2287893
421433
2645984
1973951
266686
2415929
1577268
1953776
527541
1937413
1244304
471530
623724
2032661
331430
1621011
321550
279366
287529
1794516
1450784
2346704
1873508
2561580
1354794
1345493
507519
2574601
992793
1077301
2583892
401843
1562842
2190058
2622020
464351
142616
917160
542751
174899
2133485
271726
5042:
1256480
2029786
2194994
2157315
1725035
894585
529725
2167737
1762328
1167901
1570444
1898431
481730
697601
2058747
2021768
1730191
1334615
465370
1667029
1391549
2595808
1532328
2057119
2422140
1778733
1758272
847792
284169
1070702
80165
1954955
2052459
2203332
935955
1552904
2101744
1147533
1082757
1070554
93419
656323
2014761
293723
250272
1870178
2013497
336789
414679
680154
1579237
1216151
1215992
1297971
1136945
1371451
2394024
557278
649745
1457796
1573830
2103020
901165
911003
481846
209876
763069
893408
810478
92047
40175
1835702
385269
2166057
1098977
917857
862636
581318
979715
1127026
705113
682858
158421
2634861
274364
1723663
2165098
5043:
2583044
92729
1007230
190632
451976
2163116
1337293
1987821
847471
929968
426770
814740
153344
1627453
1750982
199323
5044:
2210667
1659535
5045:
2351908
1030037
1729518
1310425
1295263
5046:
2399364
1294530
580265
291182
5047:
2422980
2419034
2172757
1876500
2290272
180715
1358521
1468475
2331082
612534
1239304
2543812
28439
5048:
1730746
942914
1870798
919688
1440093
1718323
1314010
2364981
672872
95152
1477339
2329467
2359204
752493
32519
1717358
1720609
2131902
2977
463285
1955176
752414
5049:
966446
1979655
790255
505:
435271
1954138
428461
1809269
1291603
2429310
13266
1705191
1973231
571115
2325882
1932706
752446
1400746
2132002
2008069
1463657
1282246
250678
618252
2069992
1558180
1860769
748891
2494510
1290718
1537569
2183675
788936
5050:
2639803
2507699
1202411
2205346
1255076
1415826
273630
1750294
1228034
2100087
658759
1313326
858498
1734190
1775642
1338605
440315
1059385
477110
2073205
2577231
260074
663692
895069
1185228
507581
759988
1224077
2284113
214556
1937750
2298648
2355754
281216
885374
542204
2282032
1405362
680979
2580481
2471639
1162107
1013802
2240591
2054156
916295
1990200
308832
1478724
2642223
2011467
622713
1115485
944149
712719
1532409
1863557
1093317
2343466
952235
425908
1746603
2526460
1208356
2417001
1672587
449098
1559687
394808
1311565
2203248
78872
38552
527812
1480477
538533
2474394
1185151
896250
465867
1821403
328251
311545
1539167
1006399
1926427
2510311
17510
1398145
1562892
2265804
602856
47639
1000285
795315
2584232
1204723
473095
348165
2213348
2254708
1231654
1987944
2601362
2031133
2176117
1317643
1459170
1198102
1927322
864575
1091890
1776533
1707418
889655
1795149
2228253
2050119
1596815
2211133
1995592
2500991
731817
2590727
1139053
696505
976297
811375
1929998
2181191
605372
2541832
2050441
621712
2255323
1315403
2540901
1769698
2066147
132649
370436
1768807
263788
911580
1980815
10339
2124802
2108108
235187
1402876
1954652
398897
172440
796352
677214
557945
2578862
1789164
111690
848883
1282039
1466873
864514
2293419
2610685
1041792
1208347
1847490
1299595
1453882
403446
1694546
219033
1763679
861247
2154400
1984013
1173753
2597674
1565468
2433295
1455574
916185
2497427
642771
2252947
1120974
663103
1016288
2113915
1599368
179580
2525857
1630945
1405516
454959
14107
1577107
2301639
1197317
1375159
492494
826727
1725405
767953
1602971
2556098
22338
2458873
1480682
1093561
1769992
2093609
1446305
2069708
111027
2097658
1975869
752436
2246309
57348
1271795
880772
2355130
358787
1085991
1248505
2370920
2576833
2527799
1819034
674871
205977
839414
614897
810889
1023914
2142739
363681
2593576
1902387
996932
1327479
1467290
1781214
2510971
1709897
914909
1827698
48981
1535128
925804
627902
2059606
1170928
1425074
494370
1987359
405538
609684
6042
1561951
341892
5051:
1424647
516192
1687663
174710
349114
309619
1527841
1078547
1166749
1002688
5052:
222269
1622303
1100970
1308724
2634129
1036350
810555
1900047
404724
936205
900698
1998535
836438
1578095
777762
1182665
640396
1818994
114223
1678880
5053:
2541025
2152838
1121636
5851
956492
1550824
551377
1926010
1727648
1092259
788611
2430909
930351
2508097
5054:
525818
551652
1626628
946314
916251
1438110
2261365
1478382
1826612
863014
1161084
2582614
1061053
74446
1521270
47472
1504063
955113
1602896
789517
265901
836070
2531775
2332125
23949
583891
2275881
597350
2608074
1547918
801770
1945415
2251319
1450001
2251391
2626477
1201835
2558080
2088214
1987734
532251
973431
824583
106916
898672
1646762
2585913
1511654
539894
551498
2607102
1756365
2308722
2128927
1224401
2526213
222141
1178208
231931
1487013
342505
1808432
2456445
2445488
1821833
655908
103520
2031273
262808
2085643
929162
521481
2428252
522684
1349222
1785046
1177408
1494007
1798806
1642329
2237750
796334
2402426
2291497
1978046
1788632
209542
1514219
2291413
339373
1695174
677126
1301089
1258035
1199668
2030317
340002
772441
143074
998140
2564605
1895985
1610861
1888415
2640376
2302039
134927
1809325
147892
2518844
1474204
343122
96869
486846
1138285
845914
185879
2537449
2081471
2343407
2611298
82543
1696841
1396642
2501020
791894
1636084
1784010
1520222
1160127
1151862
2479787
758443
2582002
1775811
1349666
1681078
1320589
2001363
1714548
713016
1319524
1264538
2496602
1397395
2583787
2012087
1771420
1522605
655102
2281505
1661316
1402323
1399577
403223
1349052
2496266
370656
2546905
2337831
2390412
87995
45647
650540
41013
1820913
707466
1022202
979338
1837058
22910
440938
1591186
507865
909682
732420
937756
1301598
185250
2305735
1443267
925976
2323403
1038320
195912
379451
1920032
1166681
2614700
2191983
1284816
864495
2630218
881651
1999872
2529212
1259017
2072678
580218
1376857
2583121
367186
1510323
1846034
1451756
209349
1999413
1946355
818285
2080289
2153033
444514
2076875
921762
2461669
1970869
1166586
2618731
1140578
34160
698457
1279222
2263295
423715
2190741
2030032
1626390
1785279
1513165
270406
1393750
30963
719198
1814431
2438731
1287616
2256333
1662973
2319570
2238774
513971
2476903
2192058
338906
1905534
1598946
2296368
1093671
1370408
1485054
2247734
2387631
922391
1576542
989014
1211568
986273
95336
11571
2434974
913453
1491597
1930354
1555189
1556655
754080
1842511
1864517
1392419
1088130
2444047
2428768
416435
1725453
1279758
1100843
949747
105555
2165875
1047076
2480963
253780
475048
2014025
27316
1205724
2441751
1666268
1948330
1653237
495058
886215
1326357
2381884
1978997
1036484
971163
1921168
41890
1587417
1298653
2436910
270914
487611
234184
1945069
2380329
1572549
1394575
562724
199185
1325074
684256
1665338
978651
1687832
866527
1131250
1981719
1032233
452869
1376006
2173888
1515334
368231
2235386
1671814
2405988
514718
2253680
1127132
2253841
1988733
773374
1302290
2641481
759581
2026081
1553846
2243034
2177491
2012395
1205653
999427
1804016
2263831
912072
2554031
492243
1118939
1618588
1952116
1033683
2646623
74658
887347
1138873
1071918
2281621
2589446
161803
2570111
2618345
105374
1168621
659541
2142290
735125
2423365
52267
375562
26486
2418553
683518
832708
853722
2081739
1706755
777801
1489370
618970
1052017
217937
883003
1029688
680520
2615681
1648379
1187905
1291434
834483
2559358
2622755
131018
950248
1193763
1052362
1390389
2494620
734440
655570
1119389
2023710
334903
2448430
718574
498966
1459805
1408696
811634
2170847
942706
1326828
1023902
1934205
444648
392480
824716
186180
1787298
355132
649682
1251383
1353134
1619994
153933
367007
1948975
432546
684353
1654145
2611510
1385684
2130767
1307712
1329968
2260960
2023494
1184883
1181644
1510038
831083
1915415
1613678
620497
455424
2232600
425710
1573128
165033
503853
1980420
2438865
2158103
1357708
1684581
2457611
1437789
693888
1656666
1753873
86947
1947624
1087423
114582
2362862
1304100
1777410
2012718
2631201
1564148
1027100
1056408
5055:
1912613
1052739
313340
1887879
866900
1372148
1997270
191172
1351006
1473785
154061
380467
1624280
179364
449359
719862
902434
196580
2644772
1749735
1223622
2642134
621720
1575459
2028895
728740
1201117
2364063
659100
974224
2542387
1538044
919688
1312316
38116
447156
11390
839246
41094
574493
1970356
1050072
2043675
2316404
527151
798417
223847
1649045
1315765
1392053
207904
1575334
1017223
1364327
1314655
1594131
1240793
1802235
2389627
2190571
2220924
1499380
79083
880208
843448
2438585
2223864
1303722
1446170
1715562
2175400
294299
2068508
862410
1653496
590062
545842
197002
2049567
1664863
2370329
2436659
2052068
1391373
2038845
97459
142277
91178
29217
897980
174836
2470562
178883
980769
600115
1652867
1270807
1717933
2500277
2576716
2048831
559514
2112564
2278909
260589
2583106
2619734
2107739
496831
2044934
1996735
1604876
1231980
724256
816110
1616507
2561151
1959870
100668
519879
1615335
1881317
2173191
784475
2316780
2488484
1111436
1603401
363507
430005
724097
1189930
2104334
2497133
2164117
2369110
212263
2646648
962748
2578756
1229586
588535
2394762
2258721
2411118
489104
104917
1776132
269817
1731549
1773349
335358
1075909
1323419
1257014
2360821
1571514
893732
833998
1269835
2147353
1913036
2131820
913536
250442
1933714
1155061
996829
1873779
1836341
938552
222219
1279478
1818385
1152911
2171203
2317074
1014828
1019136
2310968
1604392
2369824
1851057
394484
612107
1313068
769343
2200214
1293746
264754
78169
268454
78741
1592794
2295608
1428931
675690
1412536
2640878
1010087
2310565
1320153
489136
876490
1189303
105884
2282670
1187087
378028
1002923
1930775
1083190
1489538
630952
1749330
1065186
2628573
2426530
313362
2067788
2121042
5056:
989293
1570805
954927
1917856
1977601
1926221
356105
2006132
326164
548422
2558080
1581516
792873
511438
2151157
2189095
88975
2296095
1425054
435856
1404539
2300665
971086
529963
1969743
2033537
1998852
883372
659275
1280216
2010368
1785726
2570929
2221555
33927
1911890
1662010
1457096
536316
1000622
813180
1717052
299883
1820489
464919
1260622
1127399
1414399
2005498
94633
1038894
1077477
1230065
1053141
928887
1924968
750224
2006005
399967
2602122
1860640
2369577
751107
763656
539930
1947137
2437864
2241958
2601343
1532089
1541592
1013243
251530
2074168
1961606
434751
2096985
2516288
418321
1463134
88731
1681228
1137374
2001138
2153052
208871
648578
731963
1036068
351650
2308244
979056
2216330
1158779
2455463
2110198
885503
2221194
251265
1674491
343722
2389324
2281801
1579368
1102541
1488607
699827
547064
1312695
1866094
2597760
670148
1191468
964214
691283
904943
1603259
1175147
2263205
643877
965269
2218335
1819822
1877626
2086270
2208362
1317162
762262
1910084
392058
2013918
2313873
1243383
1583695
1893546
11408
2416593
1337196
682616
1288000
1378998
2559259
1021027
523260
243224
1487323
1658458
243800
1463492
653542
525518
491288
35638
5057:
46291
643308
2386606
1896192
1645614
412910
5058:
1789551
1508073
79510
736703
331521
1256160
959318
395601
52203
302335
2037510
186179
203762
628579
1928089
2248255
795050
374814
1547988
2590916
2479805
777400
2403819
1289642
432110
1784170
1561314
782498
359339
1984346
2565103
1113347
1627559
2289831
1977646
1801420
954220
395001
1548188
1880342
499786
82435
525926
36661
1875259
2596369
1908858
2273767
1900003
73563
628588
826140
878576
1090311
252171
415826
2350982
1554333
2600597
613264
1407182
895658
1826290
787677
371518
2182504
1749443
5059:
1763387
751312
843413
1329144
555395
691983
10906
2025340
625128
1163960
474160
789239
1749317
1191290
2550628
966712
1905695
1886585
2450942
872268
2129231
1474466
2408827
18091
2251695
1732307
506:
1686237
1377588
5060:
1389535
1431710
973314
574200
1398748
246649
502007
5061:
1730099
1428651
2267799
1212562
391590
1682180
1385190
784610
434569
1770644
335580
2101995
767891
1413678
1843474
2508052
5063:
1945752
97786
1007639
940264
2424492
90498
2336358
2378630
2426422
1951202
262236
22312
2260709
2620210
1531691
1500223
2449788
1717494
428836
450048
2507406
1568841
261781
122057
478932
383679
1680398
2277058
1677782
564293
946629
1421110
2465409
1400049
264313
2564220
2371665
1135606
144836
1039862
5064:
979626
950515
1351377
2477414
620771
1197267
468759
1379761
1233023
1135217
429787
1150697
2548549
182414
2421777
834873
1620019
1705377
1459751
371897
234319
1652160
1669563
314526
1005679
1683087
919774
1486470
111779
1917508
706665
1332355
624535
2376747
1005330
2416180
421684
1193417
1282193
343624
2201487
1580859
1020267
612273
2156263
98691
377808
1513262
1119579
174809
1438946
1607325
1329316
1307498
782130
1271559
491381
651046
1771335
2011881
400406
1357881
1497609
1093909
1540655
2181865
1654790
180551
586500
2366644
2152909
805937
2438944
2583526
1036337
148856
1137390
1320551
2647555
2372879
461743
2167849
1496553
428397
961855
263758
2101632
1641651
608892
2198070
1927439
994410
253785
168374
1234014
434382
499169
331662
1311122
1443461
1197449
2365448
2042497
1300301
897829
2309532
2352860
948547
362545
2565117
2486367
479869
1056187
336206
129357
773102
946004
2623923
2543516
1491322
320913
1282768
537616
1703330
1894769
1389771
293595
2433100
790423
370754
115409
1366152
612067
1797268
1151602
541652
1670450
390385
1941944